25
478169 478169 568473 874704 874704 282077 719909 371439 469325 661455 345929 205895 288656 288656 154485 154485 993781 205263 205263 080360 861402 861402 418009 517973 517973
832583 461969 659432 245560 275405 646919 719909 394024 394024 394024 265889 205895 288656 334586 611011 700600 849746 740902 687217 721140 721140 715399 715399 351315 040815
283427 397112 280134 790638 275405 646919 327779 987322 574839 255486 787437 634181 585728 692777 611011 149281 630780 100976 054465 190466 398185 398185 932454 896679 896679
410257 448096 280134 991774 077689 392306 286157 286157 574839 037932 846316 692777 930886 692777 019253 742223 926451 240818 278962 516595 187931 148863 381555 666273 691605
528029 355989 355989 132999 077689 726390 286157 641889 462828 462828 692777 692777 692777 930886 112231 616935 692777 575455 516595 516595 417001 436334 436334 097364 019432
388898 456778 456778 456778 469302 509328 539311 751620 467479 692777 692777 692777 692777 692777 692777 692777 930886 575455 516595 516595 908277 200229 850805 505309 019432
388898 599678 456778 517122 334712 422453 635854 635854 008740 930886 692777 692777 930886 930886 930886 692777 698870 575455 707178 790837 425985 751470 166371 214442 988891
164169 164169 915870 026101 732069 504178 504178 692777 633000 930886 692777 692777 930886 930886 930886 692777 692777 805823 854447 747325 751470 751470 751470 864697 988891
983130 290963 127486 026101 523539 504178 090023 930886 930886 930886 930886 692777 692777 692777 692777 930886 568990 854447 854447 500799 325453 370277 473250 344919 873748
983130 794691 794691 526214 959367 388440 692777 930886 692777 930886 692777 930886 930886 930886 692777 692777 390406 854447 013263 105476 842275 232243 102875 045196 045196
991703 570530 022049 246489 785076 388440 930886 692777 930886 692777 930886 692777 930886 930886 692777 692777 390406 625606 738393 388431 325968 199837 897293 435479 776099
449239 987201 774866 774866 290577 290577 290577 692777 930886 692777 930886 692777 692777 692777 930886 316094 379885 640088 238199 238199 732434 199837 345706 845444 152744
890117 988100 988100 088735 980758 013236 013236 692777 930886 930886 930886 692777 930886 387825 387825 151507 151507 217975 289383 289383 848227 353848 736584 845444 655144
366414 079867 022169 125530 092804 543719 397300 930886 930886 930886 692777 692777 692777 480931 387825 832878 030696 217975 289383 465845 281165 979651 736584 845444 967769
738044 739356 588579 588579 475596 467941 641362 930886 163953 692777 930886 947256 947256 546534 548881 289383 289383 289383 289383 289383 281165 979651 010978 194568 967769
738486 389776 557073 588579 709735 876005 199890 673078 103855 768694 957075 947256 142742 711646 923401 289383 289383 289383 289383 289383 247871 286230 003056 912310 919492
012859 557073 557073 963244 336574 609985 924874 441153 441153 320959 320959 947256 925966 711646 711646 711646 289383 289383 289383 289383 289383 289383 775837 192518 629666
528685 557073 557073 511661 752628 752628 924874 924874 192161 520623 320959 573095 103204 942034 043118 622482 289383 289383 289383 289383 052782 289383 250448 818240 813570
866952 866952 557073 532415 752628 005193 956466 956466 713221 908147 908147 012818 938571 647338 171648 622482 851210 289383 289383 289383 289383 289383 682184 671189 704500
178431 178431 976445 244070 244070 053539 053539 104718 744172 622358 908147 743349 938571 060084 516854 516854 851210 899425 493296 563976 049325 049325 968698 649247 649247
244399 244399 500039 653313 653313 254768 254768 906008 388393 324344 946571 743349 938571 520277 332304 781125 887977 899425 728386 980895 980895 088372 211933 211933 649247
810713 541206 589375 589375 564704 465244 549551 474781 366122 324344 685548 811534 523005 520277 332304 228254 887977 548359 548359 780500 099897 748279 494513 494513 156547
245312 355799 091543 010475 043872 465244 674017 366122 366122 338588 763603 763603 946849 520277 510393 559995 244891 548359 349978 780500 099897 500185 871120 871120 505863
245312 241879 091543 704449 621133 273935 430026 430026 402834 069832 026181 304030 230949 778636 510393 316061 707617 857018 978818 709574 709574 757415 540264 961426 233241
001042 824784 376247 740609 740609 623614 035777 456821 456821 093409 093409 058616 998337 778636 540807 540807 279248 857018 726479 274058 274058 776767 005744 930886 289383
